0,0,0,-1.8050735872544923
0,0,1,2.1038612788726074
0,0,2,-2.5981493725934475
0,0,3,-0.3498676512543763
0,0,4,1.1421524427299705
0,0,5,0.799295625400902
0,0,6,1.1767836699531053
0,0,7,1.092823857759984
0,0,8,-0.030935949309036825
0,0,9,-0.2669232699045055
0,0,10,0.6930523458560656
0,0,11,-1.0150048444335251
0,1,0,-0.5054065831194918
0,1,1,0.43950389172483134
0,1,2,-0.9568022154700472
0,1,3,2.041403111415137
0,1,4,1.8040612955002426
0,1,5,0.4648012882207135
0,1,6,-0.5842723107863528
0,1,7,0.019250534026442983
0,1,8,1.0009350263352073
0,1,9,1.65848180665301
0,1,10,1.235936549167117
0,1,11,0.5835174408725838
0,2,0,2.1406458591264124
0,2,1,-0.1611369428529348
0,2,2,-1.7559545033537562
0,2,3,-0.25869497099020017
0,2,4,0.3686474391590246
0,2,5,-0.4045806822168384
0,2,6,0.09536568356483385
0,2,7,0.1612308579797757
0,2,8,0.4943071018161796
0,2,9,0.5490869073606908
0,2,10,-1.0590033784528963
0,2,11,0.30332731793375545
0,3,0,1.0247881518165478
0,3,1,0.7269790682483622
0,3,2,0.18607778956308418
0,3,3,1.844871935603989
0,3,4,2.6805539607424524
0,3,5,0.9296511681618134
0,3,6,-0.8752631268835349
0,3,7,-0.17009214524784294
0,3,8,1.6822654768526997
0,3,9,2.855972754046314
0,3,10,0.6232524261858571
0,3,11,0.367146451407375
0,4,0,0.2522983969785284
0,4,1,-0.20660833076735305
0,4,2,-0.021516368179890572
0,4,3,0.3674202836049171
0,4,4,-0.13891292987406917
0,4,5,-0.39778125074996745
0,4,6,-0.26106512371039514
0,4,7,0.28015136818433284
0,4,8,0.0989741249764578
0,4,9,0.3337706665219972
0,4,10,-0.21841076202081586
0,4,11,-0.6817550245731103
0,5,0,-0.7011488018599012
0,5,1,-1.4154339501835789
0,5,2,2.2526750847411496
0,5,3,2.1613134052083565
0,5,4,-1.8066796343257183
0,5,5,-0.11285531605247094
0,5,6,1.0688886228352594
0,5,7,0.445651147001801
0,5,8,1.0655013457278923
0,5,9,2.346892605170912
0,5,10,0.008628616676175298
0,5,11,-1.2151756529518074
0,6,0,-0.45056522695206347
0,6,1,0.2354837557007313
0,6,2,-0.28883853602858733
0,6,3,-0.3891255887781447
0,6,4,-0.17111602935337158
0,6,5,0.07962801366067856
0,6,6,0.3346805074961112
0,6,7,-0.026535226358504565
0,6,8,-0.0853551070292946
0,6,9,0.40403420001946166
0,6,10,-0.04473639756759696
0,6,11,0.45344559233097337
0,7,0,-0.6467143880464733
0,7,1,-0.4827047987755559
0,7,2,-0.17364578639819025
0,7,3,-0.3608201108682656
0,7,4,-0.18657190460889192
0,7,5,-0.18326755077709356
0,7,6,0.16138517472150377
0,7,7,-0.0634676762229771
0,7,8,-0.04906252526745216
0,7,9,-0.21503040440637744
0,7,10,-0.581943503674101
0,7,11,0.4035811864108151
0,8,0,0.7100500276600655
0,8,1,-0.49384907908043013
0,8,2,0.21534351169748242
0,8,3,0.43806048209712983
0,8,4,0.1281302940360036
0,8,5,-0.21352164591393877
0,8,6,0.6895055902677926
0,8,7,-0.10319334509353181
0,8,8,0.4112303648202546
0,8,9,0.2027131092166977
0,8,10,-0.21222209753326818
0,8,11,-0.1688953731728546
0,9,0,0.32534357279486636
0,9,1,-0.37634232950230734
0,9,2,-0.14947018525780373
0,9,3,0.04207051662586973
0,9,4,0.02303372727071872
0,9,5,0.32219830385371706
0,9,6,-0.1773485767130999
0,9,7,0.2384766951062945
0,9,8,-0.2780440415060129
0,9,9,0.03469030189466944
0,9,10,0.6451883618927053
0,9,11,-0.2457098279512292
0,10,0,0.40955209280043225
0,10,1,0.142245601714869
0,10,2,0.044680703942202
0,10,3,0.2470953877363975
0,10,4,-0.006085809255430741
0,10,5,0.20808474087015827
0,10,6,0.4507345935389665
0,10,7,-0.2731716209177486
0,10,8,0.2833530099338004
0,10,9,-0.6517413570692995
0,10,10,0.3133437034857951
0,10,11,0.2240948848571886
0,11,0,0.12879967516503443
0,11,1,1.1686485025064068
0,11,2,0.9986408956738193
0,11,3,1.1876474944745918
0,11,4,1.0277980864886402
0,11,5,0.9174001151213903
0,11,6,-0.5022981099297382
0,11,7,-0.4900889544257554
0,11,8,3.081699603781959
0,11,9,0.853960481940993
0,11,10,-0.27161066586781907
0,11,11,1.1610775623089518
0,12,0,-0.4547584625384693
0,12,1,0.2389230227833885
0,12,2,0.23606486076537234
0,12,3,-0.311478209927061
0,12,4,-0.23081342093708307
0,12,5,-0.5656153679401362
0,12,6,-0.3473484236242611
0,12,7,-0.4382033220858952
0,12,8,-0.021872204451232096
0,12,9,0.05030587216495984
0,12,10,-0.2328402201119794
0,12,11,-0.26969035959198995
0,13,0,3.279820696456862
0,13,1,0.4583654096659355
0,13,2,2.898558077257348
0,13,3,1.7027841582266368
0,13,4,2.0123162496379536
0,13,5,-0.012650408285488047
0,13,6,0.7102889211089201
0,13,7,0.7711842089856125
0,13,8,-0.27654924583739393
0,13,9,0.9914573616662326
0,13,10,0.3750792233577438
0,13,11,-0.9151451055414439
0,14,0,0.7135750429680755
0,14,1,-1.771284671737505
0,14,2,1.4259727137534914
0,14,3,1.5342457502314242
0,14,4,0.7653752917475182
0,14,5,-1.5126175017575139
0,14,6,-0.27341351242865347
0,14,7,0.18451001912558465
0,14,8,-1.7951953235636795
0,14,9,-0.7577559205360651
0,14,10,1.6014573358810325
0,14,11,0.20230995946593652
0,15,0,1.0411467481026448
0,15,1,-0.24325947502904327
0,15,2,-0.7805145152806529
0,15,3,0.6835865277054433
0,15,4,0.2957591061821671
0,15,5,0.20305876578849189
0,15,6,-0.3202477042389849
0,15,7,-0.5795134911862732
0,15,8,0.1198947230876621
0,15,9,-0.5360941302937888
0,15,10,0.5313039211594979
0,15,11,0.4159904227652517
0,16,0,0.4088802143875648
0,16,1,-0.16374542858833316
0,16,2,0.2703208243336649
0,16,3,0.2496090085111227
0,16,4,0.06657818660253072
0,16,5,-0.27630743604250313
0,16,6,-0.38439816612856853
0,16,7,-0.25134250598672464
0,16,8,0.05181339961487846
0,16,9,-0.19962492925489853
0,16,10,0.09526453854240971
0,16,11,-0.49781897494286104
0,17,0,0.1679786371883872
0,17,1,0.8543525872635216
0,17,2,-2.5912135790608097
0,17,3,-1.4065923613246658
0,17,4,-0.7451223485032774
0,17,5,-0.09498123487587207
0,17,6,-0.4789803105959493
0,17,7,0.637572087596851
0,17,8,-4.245416574182731
0,17,9,-0.2976956974039831
0,17,10,-0.1536723908547449
0,17,11,0.656607988998169
0,18,0,1.0291582519461702
0,18,1,-0.5486214569289793
0,18,2,2.4644718589192305
0,18,3,-0.5134286943732403
0,18,4,-0.20325141057544183
0,18,5,0.04225794878242509
0,18,6,0.4029386937563862
0,18,7,-0.13093718026148943
0,18,8,1.6128634062348886
0,18,9,0.6957809822748574
0,18,10,1.3794260409054029
0,18,11,0.3833763439156355
0,19,0,-0.8026035605815175
0,19,1,-0.25964571015323845
0,19,2,-0.16568517447460032
0,19,3,0.06679706260405313
0,19,4,-0.011237743887067901
0,19,5,0.11262956474809176
0,19,6,0.3536668895607267
0,19,7,-0.24546314340109188
0,19,8,0.4224401567164174
0,19,9,-0.1309188471295253
0,19,10,-0.38024007638183227
0,19,11,0.12754216791587064
0,20,0,0.0489339063550328
0,20,1,4.078437329097829
0,20,2,-2.2003840170458226
0,20,3,0.5486611855137218
0,20,4,0.5161800649597976
0,20,5,0.09093892086792607
0,20,6,0.0717553823849882
0,20,7,1.2213159150195256
0,20,8,-0.38140430274372766
0,20,9,0.5919500938064577
0,20,10,0.8990844180311788
0,20,11,0.09295375342830896
0,21,0,-0.059825302947236474
0,21,1,0.4912592352207741
0,21,2,0.18757881726678335
0,21,3,-0.16095114753293968
0,21,4,-0.008118701802611704
0,21,5,0.37477211587824977
0,21,6,0.16002523390465695
0,21,7,-0.3988363564041076
0,21,8,-0.0832196895689637
0,21,9,0.08332379116486008
0,21,10,-0.2445354594770916
0,21,11,0.3208994173539405
0,22,0,0.6590936327559105
0,22,1,-0.387337621919844
0,22,2,-0.29637831845068197
0,22,3,0.08890697040547224
0,22,4,0.1981766661935417
0,22,5,0.6578284921618112
0,22,6,-0.4873164078251349
0,22,7,0.3887197705278113
0,22,8,0.37355077142169296
0,22,9,0.01963690236459674
0,22,10,-0.250628485972834
0,22,11,-0.21138394676506828
0,23,0,-0.010288124697327133
0,23,1,-0.11710233977031517
0,23,2,-0.3727286537373751
0,23,3,0.0060272772950543405
0,23,4,-0.05776039403578582
0,23,5,-0.030745797194233863
0,23,6,0.33878094354399885
0,23,7,-0.4027868417572367
0,23,8,0.30795157720492583
0,23,9,-0.3622819422906166
0,23,10,-0.6703348775061291
0,23,11,-0.08728204115068938
0,24,0,0.3058461627641007
0,24,1,0.1363591883311959
0,24,2,0.09851419962901063
0,24,3,-0.15159042337923487
0,24,4,0.049571685729671126
0,24,5,0.35213831331664647
0,24,6,-0.18024789566679084
0,24,7,0.1620103895925562
0,24,8,0.18506478148249453
0,24,9,0.38919913943276563
0,24,10,-0.42464811507476397
0,24,11,0.44094373315199875
0,25,0,-0.6203791337129159
0,25,1,-0.3767735943150171
0,25,2,-0.1061736027509234
0,25,3,-0.3769875548457756
0,25,4,0.31212010613022245
0,25,5,-0.5333709500508914
0,25,6,0.361345222993287
0,25,7,-0.05696645161256489
0,25,8,-0.36353151957596874
0,25,9,0.8736712024594928
0,25,10,0.026037069940849564
0,25,11,-0.010614479820571742
0,26,0,3.187597416404124
0,26,1,-1.6374233280213828
0,26,2,2.5386143835897603
0,26,3,0.3111553274336785
0,26,4,-2.1130107896233072
0,26,5,0.11192298462959659
0,26,6,1.0792583343948556
0,26,7,0.0804335023942164
0,26,8,-1.8293998538407417
0,26,9,1.4323112534808817
0,26,10,-0.2537465069273836
0,26,11,-0.7728232489188184
0,27,0,-0.4352360939887967
0,27,1,0.4320175104335488
0,27,2,0.22987212259770087
0,27,3,-0.2314833501862839
0,27,4,0.09584650726015256
0,27,5,-0.24522297556034992
0,27,6,-0.38113690281553636
0,27,7,0.16116445552100583
0,27,8,0.0019069098219878418
0,27,9,0.18161562001975493
0,27,10,0.29629702377574
0,27,11,-0.13911598886227367
0,28,0,-0.42223957994485456
0,28,1,-0.09099190289987476
0,28,2,0.03405198486233231
0,28,3,0.5605923478626369
0,28,4,-0.11614499223182316
0,28,5,0.11038698964758223
0,28,6,-0.31924349653826306
0,28,7,0.6450422661494549
0,28,8,-0.35840951822528305
0,28,9,0.33131552801538683
0,28,10,0.2882225025816089
0,28,11,0.09831440441428331
0,29,0,0.4887268908845427
0,29,1,0.2092676251582573
0,29,2,-0.03784479517198292
0,29,3,-0.9392493252620874
0,29,4,0.19751645246915717
0,29,5,0.6968660131731063
0,29,6,-0.9250038193059307
0,29,7,-0.40046087782566264
0,29,8,-0.7788165396291338
0,29,9,-0.6807326145892324
0,29,10,-0.19590386037455904
0,29,11,0.806663582537251
0,30,0,-1.1342922639113833
0,30,1,5.264453616940167
0,30,2,-0.2977621630182565
0,30,3,-2.2735788625996007
0,30,4,-0.11821182207933235
0,30,5,-0.6787753892605991
0,30,6,-0.31093631080809664
0,30,7,0.6638053073642917
0,30,8,0.15901331280813544
0,30,9,-0.3664764133367842
0,30,10,-0.0394359153462621
0,30,11,0.19156933208961577
0,31,0,-1.477683606097315
0,31,1,1.5954815696594062
0,31,2,-1.2720973362768935
0,31,3,-1.3757531699223196
0,31,4,-0.37789034979968267
0,31,5,-2.4044348082953557
0,31,6,-1.026728479219971
0,31,7,-0.168445786038574
0,31,8,-0.5843860194148941
0,31,9,0.6430844893918753
0,31,10,1.7167185821841866
0,31,11,0.9662914006725893
0,32,0,-0.42105970073548965
0,32,1,0.36754570254252183
0,32,2,0.1467136283051943
0,32,3,-0.27423132259880706
0,32,4,0.08857263201433539
0,32,5,-0.10574145048924076
0,32,6,-0.010779110151410322
0,32,7,-0.02042465057880161
0,32,8,-0.036893482691442554
0,32,9,0.24800013783079802
0,32,10,-0.6472479854551625
0,32,11,0.08717617043142184
0,33,0,-2.2294422534393687
0,33,1,-1.3724071745058426
0,33,2,-4.60192826445162
0,33,3,-0.30795529849906156
0,33,4,-0.5651413572201011
0,33,5,-0.2948853283944114
0,33,6,-2.048042069566616
0,33,7,-2.3984827814129854
0,33,8,-2.1139734804129358
0,33,9,-0.5899218251405447
0,33,10,-0.2956110291946268
0,33,11,1.9828513959682994
0,34,0,0.39582238182741275
0,34,1,1.9055023384766485
0,34,2,0.5565501222972844
0,34,3,-0.27458584807815706
0,34,4,0.9187610790540325
0,34,5,-1.1437814720001949
0,34,6,0.39300977413681687
0,34,7,-0.4404881993796567
0,34,8,0.13186903291714222
0,34,9,-0.6553369157629988
0,34,10,0.6747070344004853
0,34,11,-0.06810862311350913
0,35,0,3.712376504190135
0,35,1,-0.20617593350629634
0,35,2,2.933802477925354
0,35,3,0.9850888923206279
0,35,4,1.7380144337076673
0,35,5,0.42963461578882
0,35,6,0.5009496397998447
0,35,7,0.7970370666618756
0,35,8,1.1051176306366095
0,35,9,-0.520112744697957
0,35,10,0.27619312510636224
0,35,11,-1.0744476667155731
0,36,0,0.13364486876484347
0,36,1,0.3547414133114788
0,36,2,-0.5485549849486703
0,36,3,-0.2103121883366691
0,36,4,-0.20211347096226753
0,36,5,-0.0542951841890604
0,36,6,0.1261588820939262
0,36,7,-0.16233463201996742
0,36,8,0.0729187440071183
0,36,9,0.24357807571457643
0,36,10,0.01011660911063211
0,36,11,-0.2790116040286083
0,37,0,1.6313577467090328
0,37,1,5.540181200704314
0,37,2,3.127963698645746
0,37,3,-1.9934564289721797
0,37,4,-0.6938632273791524
0,37,5,-1.1397933244920364
0,37,6,0.4478700435465232
0,37,7,-0.24126358774567738
0,37,8,-4.142564822046741
0,37,9,-0.5974063397957142
0,37,10,0.2502571730300695
0,37,11,-0.23473077953767843
0,38,0,-0.6829184268333807
0,38,1,0.06241739239715697
0,38,2,0.37744412892919194
0,38,3,-0.3771172822660795
0,38,4,0.06909496839953888
0,38,5,-0.2658924654209599
0,38,6,-0.14745330140077087
0,38,7,-0.382779243696157
0,38,8,0.3441728539353916
0,38,9,-0.11335602654250845
0,38,10,0.002618944434938216
0,38,11,-0.20662208217013403
0,39,0,2.811592851267742
0,39,1,0.6159853607592042
0,39,2,0.9193522998929774
0,39,3,0.8957729056438094
0,39,4,1.2160692811024156
0,39,5,0.2819299456490954
0,39,6,-0.3132912495506283
0,39,7,0.042050567682887736
0,39,8,-1.9141570283067366
0,39,9,0.38954619162242277
0,39,10,-0.2888530577598214
0,39,11,-0.34935779656424565
0,40,0,0.4294195205377546
0,40,1,-0.1513692270974987
0,40,2,0.10513326286400168
0,40,3,-0.46677349406459945
0,40,4,-0.4459988466136178
0,40,5,-0.35090334475909823
0,40,6,0.23240241239045545
0,40,7,0.25871443104752895
0,40,8,0.16244563038189147
0,40,9,-0.08611938674792427
0,40,10,-0.8481422296952393
0,40,11,0.2537900580392248
0,41,0,0.4029389347835371
0,41,1,-0.14603820836376838
0,41,2,0.1412883024774951
0,41,3,0.2407665262783616
0,41,4,0.5299799658196139
0,41,5,0.12662041176660044
0,41,6,-0.08316168889840103
0,41,7,-0.23034142759303394
0,41,8,0.4229211842680429
0,41,9,-0.1447333222746005
0,41,10,-0.12002140476311403
0,41,11,0.1778241873798284
0,42,0,-0.2223170061596943
0,42,1,0.30710567839084607
0,42,2,0.5125529656823876
0,42,3,-0.3531105493678279
0,42,4,-0.14591993215115232
0,42,5,-0.36180656242764336
0,42,6,-0.03497072415423683
0,42,7,-0.2279737713823023
0,42,8,-0.032186988409535815
0,42,9,0.09296647644917239
0,42,10,0.33871319341943734
0,42,11,0.5824309240014512
0,43,0,0.4579335434587013
0,43,1,-1.6348976846836984
0,43,2,1.215402763425088
0,43,3,-0.5515328143058323
0,43,4,-4.626126004252956
0,43,5,1.0662642139814906
0,43,6,-1.1098458524894084
0,43,7,0.880883206593255
0,43,8,1.773111633968225
0,43,9,-1.905100195744238
0,43,10,-0.16845314662703123
0,43,11,0.6170707762980663
0,44,0,3.4191086600800875
0,44,1,1.246241926079864
0,44,2,-2.8570028776991796
0,44,3,-0.786230281084955
0,44,4,-1.83571816954276
0,44,5,0.6850055669014151
0,44,6,0.48009370075082286
0,44,7,-0.035683257341419194
0,44,8,1.4461015564298532
0,44,9,-1.7173764496686108
0,44,10,-0.3049092056610408
0,44,11,-1.0209918959728284
0,45,0,0.2906614632456316
0,45,1,-0.3268276319108985
0,45,2,-0.2259966517393614
0,45,3,0.08711235241821898
0,45,4,0.04971098788145842
0,45,5,-0.3212210032156221
0,45,6,-0.2371434762293875
0,45,7,-0.13661118511355183
0,45,8,0.02194069315755319
0,45,9,0.2864916563849748
0,45,10,0.15911224753714237
0,45,11,0.46059197778727357
0,46,0,2.6818640065988073
0,46,1,3.251546231118117
0,46,2,4.8436400980032195
0,46,3,-1.589123594694616
0,46,4,-1.309967716937902
0,46,5,-2.3563086660209827
0,46,6,-1.0139997756985273
0,46,7,-0.4230567073291112
0,46,8,-0.4787243364002655
0,46,9,-1.1621987233190965
0,46,10,0.11198782040607788
0,46,11,0.943542459561807
0,47,0,-1.3949417232919932
0,47,1,-0.3274144364680767
0,47,2,-1.0900775180871995
0,47,3,-0.9617661803466904
0,47,4,0.8615660567821155
0,47,5,-0.6899542071024805
0,47,6,0.1171245576638075
0,47,7,-1.581865309831937
0,47,8,-1.2528380425708756
0,47,9,-3.3329408265809763
0,47,10,1.4957454067585456
0,47,11,0.18735222309057772
0,48,0,-1.1739397350034388
0,48,1,1.200076149499669
0,48,2,3.706646755825883
0,48,3,-0.9926877386455244
0,48,4,-0.5384874942237161
0,48,5,-0.87917739651271
0,48,6,-0.19505421545743704
0,48,7,-0.4632661984629923
0,48,8,-1.1527963066851301
0,48,9,-1.8314614346674365
0,48,10,-0.27006510622093144
0,48,11,-0.12469023276890441
0,49,0,-1.5921095763323398
0,49,1,1.9509363745109607
0,49,2,-1.5101915995716142
0,49,3,0.1294789399394646
0,49,4,0.1617804618357046
0,49,5,0.8152708114303459
0,49,6,-0.9825419155395643
0,49,7,-0.009099193151694796
0,49,8,-0.14295222211901948
0,49,9,2.0190915615744123
0,49,10,-1.735011070634573
0,49,11,0.8409811472030821
0,50,0,0.4849132294429205
0,50,1,0.7382235690930561
0,50,2,0.16461344338292683
0,50,3,-0.018408187004101944
0,50,4,-0.25228412209137296
0,50,5,0.32812214132274586
0,50,6,0.1568834530492112
0,50,7,-0.1252918050390861
0,50,8,-0.04287255180809286
0,50,9,0.35629308471920784
0,50,10,0.34343895671723135
0,50,11,-0.2613794239993752
0,51,0,-0.37216867887300503
0,51,1,-0.03810123517979552
0,51,2,-1.8278701121341454
0,51,3,-1.0281716671544818
0,51,4,0.5734246611290011
0,51,5,0.8205624521637401
0,51,6,-0.07027772133302079
0,51,7,-0.12556893878637335
0,51,8,-0.3150224043651856
0,51,9,-1.8360270480032705
0,51,10,0.2162336901465001
0,51,11,0.05369727996037557
0,52,0,-0.5215675719609685
0,52,1,-3.042175246750148
0,52,2,-1.8484176823736358
0,52,3,-0.18147782920776911
0,52,4,0.701491273494692
0,52,5,1.1606088655307327
0,52,6,-0.16664893345553777
0,52,7,0.5532140775312107
0,52,8,0.6104082299427038
0,52,9,-0.9217656526340698
0,52,10,0.4220969473363424
0,52,11,0.06541919772409302
0,53,0,0.110341731978791
0,53,1,-0.4845039158156943
0,53,2,-0.41400903333856465
0,53,3,0.07015482398823915
0,53,4,0.05788442853854024
0,53,5,0.6305234205205451
0,53,6,0.12970381316460047
0,53,7,-0.4250300249663473
0,53,8,-0.2732200386016251
0,53,9,0.09348396789260484
0,53,10,0.07897935943225151
0,53,11,-0.14962636703235246
0,54,0,0.026170655873761797
0,54,1,0.5903640150000496
0,54,2,-0.30059200111409995
0,54,3,0.04915350516401502
0,54,4,-0.07426094596836462
0,54,5,0.3351239761830005
0,54,6,-0.17304904173897712
0,54,7,0.20373369857118462
0,54,8,-0.1779017907221427
0,54,9,-0.03721422894148686
0,54,10,1.0886757004471974
0,54,11,0.43985396462203297
0,55,0,-0.12337714875652922
0,55,1,-0.07394107388602458
0,55,2,-0.3529137426661719
0,55,3,-0.5293770494466631
0,55,4,0.05871820830763247
0,55,5,0.2846050004556756
0,55,6,0.11351580470033634
0,55,7,-0.3660513183488576
0,55,8,-0.1124049603564642
0,55,9,-0.19124162882727902
0,55,10,-0.23958789587239016
0,55,11,0.18134522843670317
0,56,0,-3.9122681118248215
0,56,1,0.1879767399514747
0,56,2,0.8420919782164825
0,56,3,-0.07731160754300392
0,56,4,1.8136463710883937
0,56,5,-0.668925300711547
0,56,6,-0.5481240185246081
0,56,7,0.09219913671540741
0,56,8,-1.3211779468781022
0,56,9,1.0058780876761837
0,56,10,0.027934301753640207
0,56,11,0.6403606811648286
0,57,0,0.0818661416575438
0,57,1,0.1869236649513012
0,57,2,-0.0080433909248639
0,57,3,-0.31817327457921507
0,57,4,-1.1337315601235298
0,57,5,-0.28507993212639793
0,57,6,0.34461311109525955
0,57,7,0.0962653828000157
0,57,8,-0.45124152133399564
0,57,9,0.08686059627093431
0,57,10,0.7979369726129214
0,57,11,-0.18986533537494743
0,58,0,-1.0165423331363523
0,58,1,-1.1485913779181995
0,58,2,0.9444388905514077
0,58,3,-0.7497564063261222
0,58,4,3.06545109529251
0,58,5,-0.4107229236200023
0,58,6,0.8761958702619954
0,58,7,2.348648575189121
0,58,8,-1.3848015410013421
0,58,9,2.5649080756321907
0,58,10,-0.1945019130639453
0,58,11,-0.27051714070037536
0,59,0,-0.016912272721276215
0,59,1,-0.41795664869630783
0,59,2,-0.12683234558543172
0,59,3,-0.2724000285962774
0,59,4,0.03834105656123626
0,59,5,0.27079740594196106
0,59,6,-0.26745778551859106
0,59,7,0.1384388419268621
0,59,8,0.1883873345624917
0,59,9,-0.011344145523697767
0,59,10,0.015644083382886077
0,59,11,-0.37809122142741886
0,60,0,-0.06547668018956684
0,60,1,-0.5509957481007254
0,60,2,-0.23911271214421384
0,60,3,0.4988599506106279
0,60,4,0.9818882574307397
0,60,5,-0.44529400219262044
0,60,6,0.6182654739873203
0,60,7,1.5197253985730268
0,60,8,2.054973494486916
0,60,9,0.9640255865387992
0,60,10,0.5950831927081555
0,60,11,-0.7499955603734676
0,61,0,-1.0033370918871454
0,61,1,0.6619601295174508
0,61,2,2.818258141987102
0,61,3,2.0373045566520314
0,61,4,1.6783047274915959
0,61,5,1.3164742790363555
0,61,6,0.15132582846281029
0,61,7,-0.14025109824980592
0,61,8,-0.1812650765589317
0,61,9,1.8426905304439185
0,61,10,0.7119255096961524
0,61,11,0.005704196498716503
0,62,0,0.020780135480065475
0,62,1,-1.882215877582985
0,62,2,0.3309106216157429
0,62,3,-1.1497335083917024
0,62,4,0.09535636854882337
0,62,5,0.10467086927531237
0,62,6,-0.14793426999838893
0,62,7,0.4191638606712981
0,62,8,1.0015677815276072
0,62,9,-1.379438021741414
0,62,10,-1.6142523494758527
0,62,11,-0.10647769551511742
0,63,0,1.862328853774099
0,63,1,0.5772961302710186
0,63,2,-1.1971206301767494
0,63,3,0.6783382888020877
0,63,4,0.3643249140982387
0,63,5,0.09630658029082607
0,63,6,0.09994656976698353
0,63,7,0.01955116496066742
0,63,8,-0.5619074386822009
0,63,9,-0.4494954180879433
0,63,10,0.939017671786011
0,63,11,-0.3311057952068658
0,64,0,-0.5728408581105972
0,64,1,0.9511854187583348
0,64,2,0.5601806101669908
0,64,3,0.6776041475254612
0,64,4,-0.1344134572650313
0,64,5,0.236042443805925
0,64,6,0.19417325422953877
0,64,7,0.1393736224353261
0,64,8,0.31906843735678725
0,64,9,0.1016937513062277
0,64,10,0.36512035663803843
0,64,11,-0.32030084737468106
0,65,0,-2.0176702479043107
0,65,1,0.2590826998016682
0,65,2,-0.7023815803013717
0,65,3,0.47937124819283533
0,65,4,0.4271925511913704
0,65,5,-0.5821425539902999
0,65,6,-0.5909510472914549
0,65,7,-0.2665582758795147
0,65,8,2.163987423252032
0,65,9,2.487175409750871
0,65,10,-0.008435192923336032
0,65,11,0.940716133070928
0,66,0,0.02805292470903706
0,66,1,-0.7400442744727102
0,66,2,0.3488171327749798
0,66,3,0.12892232739821313
0,66,4,0.2994507156903537
0,66,5,0.07030898236171748
0,66,6,-0.12944780662535738
0,66,7,-0.742851714582288
0,66,8,-0.6584717907802056
0,66,9,-0.7910321128046958
0,66,10,0.4950285897847366
0,66,11,-0.04105835040119237
0,67,0,-0.4153093727272128
0,67,1,0.6756646239255125
0,67,2,0.6985732061443664
0,67,3,-0.30007696555384594
0,67,4,-0.24182130466930749
0,67,5,-0.3979791016644418
0,67,6,-0.1962020256597496
0,67,7,0.29526360220086034
0,67,8,0.6302341582733971
0,67,9,0.5104365660194095
0,67,10,-0.8048212151524049
0,67,11,0.21585750157336497
0,68,0,-0.74385314945562
0,68,1,0.7866166468191544
0,68,2,0.7076231916989136
0,68,3,0.953682003053548
0,68,4,0.7717069695844123
0,68,5,-0.7879530757450668
0,68,6,0.6188590745377842
0,68,7,0.6106075911075508
0,68,8,0.13130060224258935
0,68,9,-0.0855312374806342
0,68,10,1.0010137855921264
0,68,11,-0.4062500749651552
0,69,0,-0.5611191153702608
0,69,1,3.6321381706332034
0,69,2,0.5822881676207463
0,69,3,-3.0611854268409955
0,69,4,-0.7777292577369467
0,69,5,0.06030976912562779
0,69,6,0.3308177274714584
0,69,7,2.533479241450977
0,69,8,-3.0685696562622455
0,69,9,-0.43152569144006475
0,69,10,0.3694462921944552
0,69,11,0.49111575183009876
0,70,0,0.04862089547750029
0,70,1,2.19093032668182
0,70,2,2.9588546831580596
0,70,3,-0.768828337931137
0,70,4,-0.7111985431082256
0,70,5,0.41872175577210424
0,70,6,-0.656974761133806
0,70,7,-0.39547533869109375
0,70,8,0.09399278106490545
0,70,9,-2.5683125564977205
0,70,10,0.20854039805663227
0,70,11,0.5129116728339883
0,71,0,-0.3424019560542749
0,71,1,0.1975281244592496
0,71,2,-0.2160057208143702
0,71,3,-0.13460798219046596
0,71,4,0.08901967781081438
0,71,5,0.011084870281965394
0,71,6,0.2986152301268774
0,71,7,-0.14369362064074526
0,71,8,-0.09230065877835603
0,71,9,0.005397713348659684
0,71,10,-0.13732310437669976
0,71,11,-0.19333655648882087
0,72,0,-0.20510365033202776
0,72,1,-0.1353782579898531
0,72,2,0.2212711035401442
0,72,3,0.12744225907841816
0,72,4,0.10543804795264367
0,72,5,0.061962709785847864
0,72,6,-0.006695727504647459
0,72,7,0.09104644112462862
0,72,8,-0.4424276976019367
0,72,9,0.24274446566443666
0,72,10,0.033498628782997614
0,72,11,-0.12370930499617597
0,73,0,1.8399328126998293
0,73,1,0.8021780352130894
0,73,2,-0.16280569094887848
0,73,3,1.129386469945309
0,73,4,0.2917200594143666
0,73,5,-0.13694226833225767
0,73,6,-0.2585440564872959
0,73,7,-0.8647590068968084
0,73,8,-0.2659620920573468
0,73,9,-0.6637432948402534
0,73,10,0.6863798172079452
0,73,11,0.5428901948673931
0,74,0,-0.6509786232615635
0,74,1,-0.5670596031034373
0,74,2,-0.20059716454486512
0,74,3,-0.029811890902449508
0,74,4,0.3296265444624861
0,74,5,0.031291277993440114
0,74,6,-0.031724105364978314
0,74,7,0.1764364397451958
0,74,8,0.041455700219322954
0,74,9,0.45478907085794623
0,74,10,0.10203181249471065
0,74,11,-0.23534392183030084
0,75,0,1.4469499044039813
0,75,1,-1.6828684319260676
0,75,2,0.3790934381681701
0,75,3,0.18214758728101613
0,75,4,-0.5011503456816969
0,75,5,1.6367510190622965
0,75,6,-0.8905521012626408
0,75,7,0.38744353128981757
0,75,8,-0.3298110941169664
0,75,9,-1.380128024914181
0,75,10,0.6039838749245608
0,75,11,0.33100165207818155
0,76,0,0.8737729639404578
0,76,1,-0.01248979841722013
0,76,2,0.04905663085864587
0,76,3,1.4548510725559698
0,76,4,0.7347051726332908
0,76,5,-0.23646846817798892
0,76,6,0.053957064332347135
0,76,7,0.4213540507960753
0,76,8,0.18576091754104299
0,76,9,0.15320123588496973
0,76,10,0.5464014396862391
0,76,11,0.09033897212294924
0,77,0,1.426266184547535
0,77,1,-0.37726182800446295
0,77,2,0.4137510233841845
0,77,3,-0.5234142448641297
0,77,4,-0.7401069666036044
0,77,5,0.2333283158858661
0,77,6,-0.18268662045929074
0,77,7,0.07874490316486984
0,77,8,1.787062748106671
0,77,9,-0.19493346572503567
0,77,10,-3.1411954132509177
0,77,11,-0.0941655165120591
0,78,0,-0.33545537119032215
0,78,1,0.080290000842535
0,78,2,-0.12275525930618683
0,78,3,0.1713730037047818
0,78,4,0.01753126996984778
0,78,5,0.57761945331576
0,78,6,-0.18925424509787886
0,78,7,0.07248434509605949
0,78,8,0.42375984406799466
0,78,9,0.21954019017005827
0,78,10,-0.5116619413356235
0,78,11,0.028928395398323165
0,79,0,0.30138652579121944
0,79,1,-0.9804203835089216
0,79,2,1.4042121579462914
0,79,3,-1.2218620662664295
0,79,4,0.3250063506293411
0,79,5,0.579949750926295
0,79,6,0.7279509869105624
0,79,7,0.7803929160326316
0,79,8,0.341051630484436
0,79,9,0.48252476316130677
0,79,10,1.1299531043432984
0,79,11,-0.7142784600214028
0,80,0,4.203725846666986
0,80,1,-2.635396913670439
0,80,2,2.0491626376442427
0,80,3,2.0705078307800235
0,80,4,-3.1162023020853384
0,80,5,0.6706851533262526
0,80,6,1.0440327435628618
0,80,7,-0.6276077329173076
0,80,8,2.827960028116774
0,80,9,0.7673053480989444
0,80,10,-0.06464303230877001
0,80,11,-0.9528912209386265
0,81,0,0.0795393958683305
0,81,1,-0.06692141902166222
0,81,2,0.6148141051229927
0,81,3,0.00901884800560395
0,81,4,-0.043608912268877476
0,81,5,0.31045338060924277
0,81,6,0.12047578794865593
0,81,7,-0.07943852213777372
0,81,8,-0.3710213710080595
0,81,9,0.3618883717524881
0,81,10,0.3162707401898167
0,81,11,-0.3093425180585979
0,82,0,-0.02681962406369482
0,82,1,0.11973153449584327
0,82,2,-1.3067180229816044
0,82,3,1.000314381109721
0,82,4,-0.7586619688253544
0,82,5,0.5807127036151094
0,82,6,-0.13303351082482273
0,82,7,0.19196965970051355
0,82,8,0.3682262625062862
0,82,9,-1.2519169793121034
0,82,10,0.0687228497539045
0,82,11,0.22909155646819973
0,83,0,0.12950857489188808
0,83,1,0.33578751407592916
0,83,2,-0.4133135245890894
0,83,3,-0.3241064912345551
0,83,4,0.17531284919535264
0,83,5,-0.27165268058957603
0,83,6,-0.1486985116113431
0,83,7,-0.22865003866347614
0,83,8,-0.41299800754309995
0,83,9,0.07186795722916625
0,83,10,0.37464998650951065
0,83,11,0.9511380496076104
0,84,0,0.4824476394521977
0,84,1,-0.4062924797768393
0,84,2,-6.192303093563946E-4
0,84,3,-0.09443654205694033
0,84,4,-0.05332775725984395
0,84,5,0.4734751294652051
0,84,6,0.1522292041658821
0,84,7,-0.5062625768695375
0,84,8,-0.16871955171753214
0,84,9,0.21815551734060606
0,84,10,-0.33825606912927775
0,84,11,-0.1842799487850839
0,85,0,0.003376290388055303
0,85,1,-0.5445808017589546
0,85,2,-0.3846002874013856
0,85,3,0.36182842608590055
0,85,4,0.32123374866523374
0,85,5,0.31612341072017186
0,85,6,-0.13190720029111588
0,85,7,-0.047699804398548616
0,85,8,0.1536047463062765
0,85,9,-0.20789265903464577
0,85,10,-0.3183157874697536
0,85,11,0.20878246587509006
0,86,0,-0.4192038042714894
0,86,1,-1.285457058523526
0,86,2,-1.6713556220884909
0,86,3,0.2882611337146862
0,86,4,0.30074247370603663
0,86,5,-1.2814303558261484
0,86,6,0.41994100968250647
0,86,7,0.07737389842623303
0,86,8,0.28324264700319046
0,86,9,2.1553289302991416
0,86,10,0.6148482138836631
0,86,11,-0.8799317109374261
0,87,0,0.3229190621330617
0,87,1,-0.28301372527935664
0,87,2,0.24893177887010776
0,87,3,0.11350612910913845
0,87,4,0.02819082109725016
0,87,5,-0.2701640174634387
0,87,6,-0.1206242780649658
0,87,7,-0.0744915216018102
0,87,8,-0.031699242835036445
0,87,9,-0.1430150745716702
0,87,10,0.23342962695579972
0,87,11,-0.43311115644728065
0,88,0,2.0033903062381415
0,88,1,-0.7947751360616273
0,88,2,-0.5257634734298314
0,88,3,0.15287424932254026
0,88,4,0.13455112149180345
0,88,5,-2.806111874945968
0,88,6,-1.2166562944953643
0,88,7,-1.2781810096437949
0,88,8,3.452283951573581
0,88,9,2.4333900679513496
0,88,10,0.4993157692479543
0,88,11,0.9088199629296351
0,89,0,-1.4132556750576504
0,89,1,-1.9736582511552698
0,89,2,1.7645797962384653
0,89,3,-0.7360831025161895
0,89,4,-0.38649712991070767
0,89,5,-0.19128677165299657
0,89,6,-0.44914757704624136
0,89,7,-0.9281666642648777
0,89,8,0.7798771898069343
0,89,9,0.6472144049436439
0,89,10,-0.22012185225020034
0,89,11,0.2808133080407981
0,90,0,-0.6198818996782038
0,90,1,3.2782149348791756
0,90,2,-0.2668023113118486
0,90,3,-1.6796955070358115
0,90,4,-0.4894994775719404
0,90,5,-0.9280257211680365
0,90,6,0.6988348633680523
0,90,7,1.6486762597362803
0,90,8,0.21087068830455802
0,90,9,-0.7110430653243459
0,90,10,0.20388252180386163
0,90,11,-1.2862062240614007
0,91,0,1.876903410251892
0,91,1,1.9456667004029926
0,91,2,-0.12752543628474935
0,91,3,0.4336418771826774
0,91,4,-0.8381404701828666
0,91,5,-0.6480215463553262
0,91,6,0.002225716832316835
0,91,7,0.4318358691115792
0,91,8,-0.7073118707948806
0,91,9,0.22520035072403222
0,91,10,0.14208267872234237
0,91,11,0.1753052024622496
0,92,0,-0.05938604154491871
0,92,1,-0.3459570149049008
0,92,2,-0.28845521552886405
0,92,3,0.0650150248226821
0,92,4,-0.04948208819129957
0,92,5,-0.11169148486516327
0,92,6,-0.17772602542454533
0,92,7,0.4797428835635443
0,92,8,0.8128173394623693
0,92,9,0.014408986097190369
0,92,10,0.00550792076484035
0,92,11,-0.5173680775277963
0,93,0,0.17180075778293777
0,93,1,-0.0724503826900026
0,93,2,0.35715200180239315
0,93,3,-0.12033171626070052
0,93,4,-0.05830747141083714
0,93,5,-0.3585123515944849
0,93,6,-0.3546538224588149
0,93,7,-0.04193366129779548
0,93,8,-0.11080386696303031
0,93,9,0.4088989816258683
0,93,10,-0.321036398211453
0,93,11,0.2089230734196406
0,94,0,-1.3835234061363018
0,94,1,0.609738226745756
0,94,2,-1.7843321645437205
0,94,3,-0.4993208164581392
0,94,4,-0.9382775677849661
0,94,5,-0.1370024724559
0,94,6,1.4386208522675568
0,94,7,-0.5543256875249124
0,94,8,-0.6321469783377689
0,94,9,1.3330060494693758
0,94,10,-0.06426481597758037
0,94,11,-0.6874724386720433
0,95,0,-0.9492320218310779
0,95,1,0.15460078345578512
0,95,2,0.3026662136487315
0,95,3,-0.6368351996204827
0,95,4,-0.6932883601313639
0,95,5,0.5389132183554933
0,95,6,0.16446158742750597
0,95,7,-0.2500887478451796
0,95,8,0.7233980769851172
0,95,9,0.8584623101973322
0,95,10,-0.42592147283691484
0,95,11,-0.1543107583561921
0,96,0,-1.60675194582365
0,96,1,-1.3278528073102278
0,96,2,1.4194396733619226
0,96,3,-0.33743747976720334
0,96,4,1.7535550430910678
0,96,5,-0.3688954135352633
0,96,6,-0.10764108846604688
0,96,7,-1.4909713860218523
0,96,8,-0.5987042574999174
0,96,9,2.027325013634786
0,96,10,-0.07465547034884455
0,96,11,0.5504777744268554
0,97,0,-0.08947772821400593
0,97,1,-0.1397458471103759
0,97,2,-0.2376182984129988
0,97,3,-0.4214063121148382
0,97,4,-0.45404969284219715
0,97,5,0.24583349178472375
0,97,6,-0.1694994428566728
0,97,7,-0.002119004806372916
0,97,8,-0.019414468540408455
0,97,9,0.445761396265368
0,97,10,-0.42282532836777664
0,97,11,0.0029882742492587542
0,98,0,-0.11757686232541761
0,98,1,0.44532729936785703
0,98,2,0.07527663233971331
0,98,3,0.10236444379742503
0,98,4,0.15453703194746896
0,98,5,0.06205068634196313
0,98,6,0.3426002944967401
0,98,7,-0.13564901321248432
0,98,8,0.15886608156053006
0,98,9,0.22634455077024326
0,98,10,-0.3534092022565021
0,98,11,0.1471012474757125
0,99,0,-0.17688372856423598
0,99,1,0.8647474485549203
0,99,2,0.6606294078843236
0,99,3,-0.012721477004462736
0,99,4,-0.10598913699696161
0,99,5,-0.3122878897208013
0,99,6,-0.1278306715618551
0,99,7,-0.09543760625145553
0,99,8,0.9818373354829842
0,99,9,0.1451732074248104
0,99,10,-0.3332999666417832
0,99,11,-0.6861316723516809
0,100,0,1.4711437585114502
0,100,1,2.383538462385996
0,100,2,0.593056752242086
0,100,3,-0.8574269602152887
0,100,4,-0.2445355796963437
0,100,5,0.307875990440638
0,100,6,-0.7986596238471498
0,100,7,-0.8322370810607619
0,100,8,0.8265255682744753
0,100,9,-1.9588464690541036
0,100,10,1.2222682168958325
0,100,11,0.6164912699273047
0,101,0,-1.1985229253686842
0,101,1,2.0375361064812134
0,101,2,-0.48320400103048267
0,101,3,-0.5112748575151268
0,101,4,0.32137357531578725
0,101,5,-0.4676553654050772
0,101,6,1.3128246902482072
0,101,7,0.4314463573905225
0,101,8,-1.6140853765123158
0,101,9,-2.8784232184647904
0,101,10,0.18094929742344043
0,101,11,-0.7442803711833043
0,102,0,0.24652368834116403
0,102,1,-0.4905997793573716
0,102,2,-0.3300455559798651
0,102,3,-0.12142544165566466
0,102,4,-0.1587689208349821
0,102,5,-0.3807044729911744
0,102,6,-0.022461919224624295
0,102,7,0.43479419139104636
0,102,8,0.3662027887438802
0,102,9,0.28739382545503395
0,102,10,-0.5427570615440913
0,102,11,0.09036512436761528
0,103,0,-2.9970991775409823
0,103,1,1.0789905696105873
0,103,2,0.1350984844136796
0,103,3,-0.6637936847698062
0,103,4,1.6049013564754309
0,103,5,-0.30630290844391517
0,103,6,-0.8924458595372244
0,103,7,-0.9312221044493709
0,103,8,0.6514942985293574
0,103,9,-0.49331866756296544
0,103,10,-0.30995858268610743
0,103,11,0.7718364363375019
0,104,0,1.5351309651564666
0,104,1,3.109720166412294
0,104,2,0.3941092642928386
0,104,3,-1.734777687828786
0,104,4,1.0069545343076698
0,104,5,-0.7837896071927752
0,104,6,-0.10537054364932316
0,104,7,-1.6431579354588959
0,104,8,-1.7383584653488118
0,104,9,-0.3988359918063791
0,104,10,-0.5537821318434529
0,104,11,-0.19016043248320955
0,105,0,0.008083107231035912
0,105,1,0.5432853662561741
0,105,2,-0.38850980200069113
0,105,3,0.18085449608449763
0,105,4,-0.6226404114677434
0,105,5,0.3939131618650833
0,105,6,-0.38960469508101525
0,105,7,0.21456234473839306
0,105,8,0.42663388146290837
0,105,9,-0.1696825835755627
0,105,10,-0.003530315342043955
0,105,11,0.3168681297586421
0,106,0,-0.6022159947463492
0,106,1,-0.8468890299993915
0,106,2,-1.3282919925009191
0,106,3,-0.3441749602374004
0,106,4,-0.38690393606087986
0,106,5,0.9101301146068105
0,106,6,0.012384064614050882
0,106,7,-0.7463565254119613
0,106,8,2.328753249590313
0,106,9,4.432253227630243
0,106,10,0.5361843458201009
0,106,11,-0.46513922265771057
0,107,0,-2.542551427381063
0,107,1,0.7935747388237356
0,107,2,2.3024871050632054
0,107,3,-1.0516280413438304
0,107,4,-2.338016646273655
0,107,5,-0.3563628999055638
0,107,6,-1.5312184580451278
0,107,7,-1.4127875856666197
0,107,8,1.65176029391705
0,107,9,-0.4202661767954193
0,107,10,-0.12924992159309728
0,107,11,1.6900100919134207
0,108,0,-0.03490763197815768
0,108,1,-0.39931473568603776
0,108,2,-1.2378049335072727
0,108,3,0.5368925673991242
0,108,4,0.3101253607633449
0,108,5,-0.19817693063981562
0,108,6,-0.26010764482260895
0,108,7,0.4652126784475423
0,108,8,0.1347382736607596
0,108,9,0.3840012271092194
0,108,10,-0.5930522649966238
0,108,11,-0.30456232705417574
0,109,0,-1.0026520188639647
0,109,1,0.21802516676086484
0,109,2,1.118086182759554
0,109,3,-1.099657184993181
0,109,4,-0.6834064415224061
0,109,5,0.9380496064612556
0,109,6,0.519383531309871
0,109,7,0.495249981314854
0,109,8,-1.4238163840351985
0,109,9,0.12705306652973142
0,109,10,0.37747054262263
0,109,11,0.042701560072720066
0,110,0,-0.20117419510183054
0,110,1,-0.4760411471054617
0,110,2,-0.14938856284347224
0,110,3,0.13278469307299579
0,110,4,-0.11483569279227471
0,110,5,-0.29054516052708573
0,110,6,-0.16923295455550585
0,110,7,0.4472324618078804
0,110,8,-0.3998938398156232
0,110,9,0.35080670815245923
0,110,10,-0.29140257184972923
0,110,11,0.40453356228665843
0,111,0,0.19746377356282974
0,111,1,-0.23110018846151856
0,111,2,0.3022485934182384
0,111,3,0.23602681144066662
0,111,4,-0.06679145006970436
0,111,5,-0.6829659117555326
0,111,6,-0.052580651380058296
0,111,7,0.2762935994471968
0,111,8,-0.08703524641843303
0,111,9,-0.4256362416500035
0,111,10,0.4473601562603577
0,111,11,0.25969620823772743
0,112,0,-0.1678308093538702
0,112,1,-0.42665612564299193
0,112,2,0.11968368878862566
0,112,3,-0.537936888142814
0,112,4,0.0204812906110576
0,112,5,-0.38362902233637064
0,112,6,-0.4044981017699293
0,112,7,-0.19499029914975516
0,112,8,0.33097856156082434
0,112,9,-0.2790952298341655
0,112,10,-0.19235635899551226
0,112,11,0.3086097116068548
0,113,0,-2.158290360603642
0,113,1,1.3765363920224578
0,113,2,-0.32380690263480827
0,113,3,1.3793530058539634
0,113,4,2.3549716596591734
0,113,5,0.20041559018485502
0,113,6,0.08486459574412257
0,113,7,-0.09022229917198897
0,113,8,-0.2439326956968761
0,113,9,1.668789981598387
0,113,10,0.8028970632872208
0,113,11,-0.7009892393853298
0,114,0,-0.5642954363523416
0,114,1,-0.45706584582419174
0,114,2,-0.08037946483242175
0,114,3,-0.11499957032345758
0,114,4,0.44015247422576936
0,114,5,-0.2117344093583924
0,114,6,-0.5798329128840403
0,114,7,0.16843230513390728
0,114,8,0.2254400065023016
0,114,9,0.1290589710124093
0,114,10,0.0020920690612685517
0,114,11,0.39757947421955336
0,115,0,-2.1991880994794903
0,115,1,-2.082320292152703
0,115,2,1.7693033274251824
0,115,3,-0.01978876566850608
0,115,4,-0.5248271477086172
0,115,5,-0.6627723309733452
0,115,6,-0.4307183149857802
0,115,7,-0.09434171858619063
0,115,8,-1.1274388686709276
0,115,9,1.8950857783848674
0,115,10,0.2983175806783193
0,115,11,0.2299702206642976
0,116,0,0.18468084660354678
0,116,1,-1.5146037209336156
0,116,2,2.09628462831505
0,116,3,-0.8970322496862413
0,116,4,-0.48167497193691844
0,116,5,-0.6284093112770236
0,116,6,1.4980591960288987
0,116,7,0.8350034392220992
0,116,8,-0.9084377823552592
0,116,9,-2.2375232923945103
0,116,10,2.3508237459123498
0,116,11,-1.4215074561663352
0,117,0,0.12611071621066758
0,117,1,-0.05503152409598043
0,117,2,0.32543642640260106
0,117,3,-0.1098324735490629
0,117,4,-0.6251494967800127
0,117,5,-0.6786109955032498
0,117,6,0.11083044401878799
0,117,7,0.523553207969945
0,117,8,0.3210216801144071
0,117,9,-0.5186398971363642
0,117,10,-0.8426810815560256
0,117,11,-0.31727459716196926
0,118,0,-0.12664196326863858
0,118,1,1.834222593604392
0,118,2,0.2086933792504699
0,118,3,-2.0725845735144457
0,118,4,-1.6565444569057006
0,118,5,-1.4246805003824008
0,118,6,-0.3245001765203691
0,118,7,-0.8759315222974349
0,118,8,2.439942241034744
0,118,9,-0.1911528519363726
0,118,10,-1.0061804703888646
0,118,11,0.3226922807153909
0,119,0,0.10969204156290514
0,119,1,-0.4522777885335875
0,119,2,-1.296370074576458
0,119,3,0.27663121180240613
0,119,4,0.10106803400148279
0,119,5,-0.280957004731584
0,119,6,0.4603772309978136
0,119,7,0.6493840345311779
0,119,8,1.2974480295744715
0,119,9,-0.24071715294943785
0,119,10,0.2818159439006701
0,119,11,-0.42273760487917533
0,120,0,-1.4449683463957688
0,120,1,-0.6317532101566176
0,120,2,0.21659156479214078
0,120,3,-0.47011751991269407
0,120,4,-0.41873776861131135
0,120,5,0.06450203328191749
0,120,6,0.3209736895937505
0,120,7,-0.14079316215524512
0,120,8,-0.18507327616063649
0,120,9,-0.6337684926338216
0,120,10,1.0016802011905974
0,120,11,0.18819352454420318
0,121,0,0.21490532176906504
0,121,1,0.2013375250348911
0,121,2,0.5341187134784326
0,121,3,-0.0024586322759752653
0,121,4,-0.3247259225230016
0,121,5,-0.07348374098043725
0,121,6,0.10943142886503068
0,121,7,-0.28925058503249945
0,121,8,-0.15895722434364148
0,121,9,-0.07242518170416519
0,121,10,0.45182583561421813
0,121,11,-0.437886763843368
0,122,0,0.34924242316338205
0,122,1,2.6409853776015315
0,122,2,-0.3286549784874447
0,122,3,-0.6889533177931761
0,122,4,-1.1152084045877098
0,122,5,-1.0423184099677787
0,122,6,-0.5562572698294976
0,122,7,-2.373538771067894
0,122,8,-2.0164893354453914
0,122,9,-0.7621835056588192
0,122,10,0.38082726795849553
0,122,11,0.20208123905923678
0,123,0,0.3615053838529338
0,123,1,-0.18382215102834315
0,123,2,-0.819551981814674
0,123,3,0.24821828892733874
0,123,4,-0.3560863247551871
0,123,5,0.5866625462345139
0,123,6,0.344080009069274
0,123,7,-0.2545214205378801
0,123,8,0.020896690451849696
0,123,9,-0.1297918806565894
0,123,10,-0.5987935918897818
0,123,11,0.0015342766302409551
0,124,0,0.3417568126068896
0,124,1,0.6572966686300378
0,124,2,-0.2293676369563772
0,124,3,-0.4047984930422597
0,124,4,-0.06992422422847842
0,124,5,0.19227758073882734
0,124,6,0.1469063571184116
0,124,7,-0.542826475252757
0,124,8,-0.47613063894806895
0,124,9,0.21296805772405583
0,124,10,0.3544959076312811
0,124,11,-0.27110238548991394
0,125,0,2.196127841448444
0,125,1,0.9842372838011236
0,125,2,-0.8593242015927197
0,125,3,1.0242063051608652
0,125,4,1.0706016891304568
0,125,5,-1.0942875893911894
0,125,6,-0.46538424480756413
0,125,7,0.4604742234881406
0,125,8,0.19187854663252235
0,125,9,1.4398880405231165
0,125,10,0.4616407401432421
0,125,11,0.5903940864652256
0,126,0,0.5022957155965014
0,126,1,0.08949078398168732
0,126,2,-0.24537950016135954
0,126,3,0.638865767493075
0,126,4,0.12887521968626015
0,126,5,0.2997329254091657
0,126,6,0.17738494283134712
0,126,7,0.15174038296748107
0,126,8,0.07455862766889851
0,126,9,-0.2731934199757202
0,126,10,-0.21245366852412384
0,126,11,0.2734780255286375
0,127,0,0.5361470011522128
0,127,1,0.2696980227095205
0,127,2,0.14582283443160995
0,127,3,-0.26135539934619145
0,127,4,0.29379177474828033
0,127,5,-0.545693260865537
0,127,6,0.09073056303324992
0,127,7,-0.07366651563248597
0,127,8,0.4581311879205691
0,127,9,0.05942674553713651
0,127,10,-0.3826281165357479
0,127,11,-0.3721627668877798
0,128,0,3.1602797278181285
0,128,1,-1.4888203627960617
0,128,2,1.4605975804767575
0,128,3,0.08456175964707466
0,128,4,1.8180468995268604
0,128,5,0.561600589023892
0,128,6,-0.17507147770973627
0,128,7,0.6980912345847918
0,128,8,-1.7406834971939829
0,128,9,0.46483862309475166
0,128,10,0.11426668197107534
0,128,11,-0.32292867184841295
0,129,0,2.0526092115356813
0,129,1,0.1658884417395685
0,129,2,-2.2395567424144156
0,129,3,-0.520498614375735
0,129,4,-1.4139149704054055
0,129,5,0.013276300561671929
0,129,6,0.25595246975618824
0,129,7,1.023688475328676
0,129,8,0.8650333438738345
0,129,9,-0.9174214802486471
0,129,10,-0.5554678618327771
0,129,11,-0.2630173148947337
0,130,0,0.2684777461639662
0,130,1,0.09667412935706055
0,130,2,-0.20254566734997978
0,130,3,0.10165336158740348
0,130,4,0.07844939060739564
0,130,5,-0.05123949495938752
0,130,6,-0.03166978323791471
0,130,7,-0.4103779329960488
0,130,8,-0.08876218212820115
0,130,9,-0.35827250634687285
0,130,10,-0.34408918550507883
0,130,11,0.11950261125082132
0,131,0,0.04832712897661996
0,131,1,0.0983053499173596
0,131,2,0.4917498609387557
0,131,3,-0.17476217558545412
0,131,4,-0.06988852861044352
0,131,5,-0.10150481456602739
0,131,6,0.002616441657882516
0,131,7,0.19870060767363226
0,131,8,-0.15036589880320814
0,131,9,-0.3770186975472278
0,131,10,0.5508556948259881
0,131,11,0.23030404670790142
0,132,0,3.32692421602858
0,132,1,0.9600581026729288
0,132,2,-1.4548573931453073
0,132,3,-0.0225046328530648
0,132,4,-1.1907965968537484
0,132,5,0.6260917019126119
0,132,6,0.12683093218549735
0,132,7,-0.276413328807919
0,132,8,1.6875352359689972
0,132,9,-1.0949819995754702
0,132,10,0.07495879888597055
0,132,11,-0.21967103085564071
0,133,0,0.06106725602364851
0,133,1,0.4183164658868571
0,133,2,0.2681228861745924
0,133,3,-0.2204750128180068
0,133,4,-0.21886037215481952
0,133,5,-0.5643539044955039
0,133,6,-0.4188269468839208
0,133,7,-0.15941647171402148
0,133,8,-0.6021444684393387
0,133,9,-0.14739581022861323
0,133,10,-0.36021714411423916
0,133,11,-0.47217441668456267
0,134,0,-2.0457803532676686
0,134,1,-1.5711953327506294
0,134,2,3.4622778792823956
0,134,3,1.4655350687431028
0,134,4,0.4653383322952136
0,134,5,-0.747210080123882
0,134,6,0.6529630323034313
0,134,7,0.6533595232423314
0,134,8,1.6282949284296433
0,134,9,-0.3020154632899921
0,134,10,0.6622948486250732
0,134,11,-0.7663212044056268
0,135,0,-1.4914753821971611
0,135,1,2.3553717275306334
0,135,2,1.0488316687495702
0,135,3,-1.0987269252747434
0,135,4,0.6523951763179628
0,135,5,0.13879072446451152
0,135,6,-0.4816507038254448
0,135,7,-0.1822400951221006
0,135,8,1.090146899781366
0,135,9,0.5836901370365563
0,135,10,-0.6223728315783675
0,135,11,0.2945565864757405
0,136,0,0.20301206234322586
0,136,1,-0.2635418376932747
0,136,2,0.01658370191464277
0,136,3,0.632969840863084
0,136,4,-0.06715799296122868
0,136,5,0.3676963717221488
0,136,6,-0.32780764521638284
0,136,7,0.05797899455050433
0,136,8,-0.09875450140316742
0,136,9,0.22948270265766546
0,136,10,0.30664628117760284
0,136,11,-0.3176481557932964
0,137,0,-0.016117902170673756
0,137,1,-0.3844109143098638
0,137,2,-0.15574381993355546
0,137,3,-0.06378360294372488
0,137,4,-0.7431641707930708
0,137,5,-0.5062321699619367
0,137,6,0.40900487424074244
0,137,7,-0.14683592392959302
0,137,8,-0.15385615290836113
0,137,9,0.2144637734794066
0,137,10,0.4458174550479072
0,137,11,-0.08674131680769617
0,138,0,-0.20373256134894507
0,138,1,0.09983772970126462
0,138,2,-0.20900396198555873
0,138,3,0.1266862493696633
0,138,4,0.4291312425694167
0,138,5,0.030841364717659667
0,138,6,-0.26441005628560893
0,138,7,-0.5049188020387054
0,138,8,0.02643097071188812
0,138,9,-0.1998633489144816
0,138,10,-0.06703361280662376
0,138,11,0.2758869565887016
0,139,0,0.10609268984674752
0,139,1,-0.011622359124386515
0,139,2,-0.028132578834826602
0,139,3,0.13593989448559687
0,139,4,-0.03832080514731828
0,139,5,-0.31339323223545346
0,139,6,0.4439714350422326
0,139,7,0.6758979591152898
0,139,8,0.48430809039932604
0,139,9,0.10221406076102783
0,139,10,0.06910826832317411
0,139,11,-0.18880375777626504
0,140,0,3.4284759446426247
0,140,1,4.676198935122184
0,140,2,5.749944055595537
0,140,3,-0.10829345242704402
0,140,4,1.1038136341695657
0,140,5,-0.661553392110029
0,140,6,1.4787678493814334
0,140,7,1.6696101620984056
0,140,8,4.458831773669755
0,140,9,1.0116464975213488
0,140,10,0.14922485538163502
0,140,11,-1.0696998174427679
0,141,0,1.0606978275664214
0,141,1,2.920173709552319
0,141,2,2.1795860825264577
0,141,3,-0.0011163726965407934
0,141,4,0.632226298326879
0,141,5,-0.4289226454466512
0,141,6,-0.1594644013136415
0,141,7,-0.6437388597089758
0,141,8,2.491974548283246
0,141,9,0.19541420247080615
0,141,10,-0.6108972269921845
0,141,11,0.4351459962196344
0,142,0,-0.5701922093061849
0,142,1,0.010971581263032883
0,142,2,1.8587511317226022
0,142,3,-0.6300700243788787
0,142,4,0.10025118114852022
0,142,5,-0.050287712140625454
0,142,6,-0.28622211228582417
0,142,7,2.336477375206271
0,142,8,0.6675139262435658
0,142,9,-2.4825488167103873
0,142,10,0.7361649219054133
0,142,11,-0.5662679063835248
0,143,0,1.888703758905368
0,143,1,-1.4498210784703736
0,143,2,-0.07885356134266767
0,143,3,-0.5229874507625127
0,143,4,-0.5725586484053056
0,143,5,1.1150588371540204
0,143,6,0.2504175809705148
0,143,7,0.1517170261484808
0,143,8,-0.9125965342055644
0,143,9,-2.1417443943119685
0,143,10,0.2180041850584088
0,143,11,-0.7392479102734644
0,144,0,-1.1469458160389707
0,144,1,-2.3397740799563556
0,144,2,-0.04264945035376454
0,144,3,0.027588780668912932
0,144,4,1.6687333419355932
0,144,5,-0.4517780925560045
0,144,6,-0.27817188052416153
0,144,7,-1.5338464899560362
0,144,8,-2.6414809330362106
0,144,9,1.1667823642207358
0,144,10,-0.2903548555708468
0,144,11,-0.21891326107950485
0,145,0,-0.4150023421399801
0,145,1,-2.115246136700254
0,145,2,-1.8002914951549789
0,145,3,0.7093064456240639
0,145,4,0.13287953499997632
0,145,5,0.5749650702710367
0,145,6,0.538995460297611
0,145,7,0.47170696552923375
0,145,8,-0.8165316850420778
0,145,9,-0.6315763845229043
0,145,10,-0.1752477774101783
0,145,11,-0.5965863716119431
0,146,0,0.08105140343709533
0,146,1,0.16590666417524574
0,146,2,0.2873769008860492
0,146,3,0.397071516797198
0,146,4,0.39408176083928576
0,146,5,-0.07222769663679265
0,146,6,-0.3401347749752352
0,146,7,0.13172193440544014
0,146,8,0.12359139332324505
0,146,9,-0.016109924718987714
0,146,10,0.4052368038410053
0,146,11,0.03555205955542148
0,147,0,0.539340342853167
0,147,1,-2.0724529374002105
0,147,2,0.6079063833365564
0,147,3,1.9940615530162802
0,147,4,1.1629226806251358
0,147,5,-1.0308039586025277
0,147,6,0.21413071049247234
0,147,7,0.2686357886709576
0,147,8,-4.502024751001549
0,147,9,-0.6547370271295908
0,147,10,1.168587118508107
0,147,11,-0.9867129870326589
0,148,0,-0.07022957236524734
0,148,1,-0.039100051288321745
0,148,2,-0.14517193617937418
0,148,3,-0.14965989662999798
0,148,4,0.027625546950490024
0,148,5,0.3154116103041983
0,148,6,0.4777752176191965
0,148,7,0.38605258600337355
0,148,8,-0.08524332706903727
0,148,9,-0.2268467360681512
0,148,10,-0.40517282940254307
0,148,11,0.031186274112407278
0,149,0,0.7198750379495074
0,149,1,2.3465490933026754
0,149,2,0.4650025613428736
0,149,3,0.673200382662436
0,149,4,-0.9315616390259707
0,149,5,-0.144563265295302
0,149,6,-0.8360509191363372
0,149,7,0.004068312091242692
0,149,8,-0.3416135316107007
0,149,9,1.2687729905533611
0,149,10,-0.5035016433809242
0,149,11,0.7559860706621222
1,0,0,0.4595993620251647
1,0,1,-0.5750626788141536
1,0,2,-0.21598760864189892
1,0,3,0.4513153049686186
1,0,4,-0.0762944128660328
1,0,5,0.6966434568910012
1,0,6,-0.003945397184876712
1,0,7,-0.07068360536709527
1,0,8,0.019559643517673447
1,0,9,-0.05361658707198579
1,0,10,-0.0911516379590864
1,0,11,-0.5675815661005527
1,0,12,0.07698501246754716
1,0,13,0.6172506929249055
1,0,14,0.5721188361064685
1,0,15,0.2787063244799888
1,0,16,0.03050598503121729
1,0,17,0.8368621638602155
1,0,18,0.3120369014644117
1,0,19,0.12785919379230082
1,0,20,-0.33344770656818545
1,0,21,0.05907468331409909
1,0,22,-0.017851802074859056
1,0,23,0.09041632037507558
1,0,24,-0.0496773897685374
1,0,25,0.11792773510496439
1,0,26,-0.3067553248423026
1,0,27,0.06079694366291164
1,0,28,-0.09865451415976059
1,0,29,-0.8079465046427406
1,0,30,-0.42129441028230064
1,0,31,-0.5656830910631413
1,0,32,0.037884380700556074
1,0,33,2.5830117220368627
1,0,34,0.42690227207138276
1,0,35,-0.8176471826374568
1,0,36,0.03467304863376205
1,0,37,-0.36900035552508387
1,0,38,0.2228059341740513
1,0,39,0.4609119409714392
1,0,40,-0.08722194117548274
1,0,41,-0.050510057829841234
1,0,42,0.0300754324206244
1,0,43,-0.5526225241448137
1,0,44,-0.641232702806277
1,0,45,-0.038476636415796156
1,0,46,0.3007986865089303
1,0,47,-0.31811390729089045
1,0,48,0.2075710053036299
1,0,49,-0.427340877739772
1,0,50,0.09710394175567104
1,0,51,0.5580520415152891
1,0,52,-0.2942058276173692
1,0,53,0.011690701672801429
1,0,54,0.21208332863501544
1,0,55,-0.0033350953190152224
1,0,56,0.5861328648866722
1,0,57,0.31541847476947865
1,0,58,-0.8375013886748369
1,0,59,-0.008204696250093414
1,0,60,1.559449142148136
1,0,61,-0.28331997598536557
1,0,62,-0.45212496952986725
1,0,63,-0.5657981761669771
1,0,64,-0.39542644977317787
1,0,65,0.538031570477383
1,0,66,0.2940348034358082
1,0,67,-0.36713329891014307
1,0,68,-1.104706213498728
1,0,69,0.5073596579072107
1,0,70,-0.36779492550434506
1,0,71,5.5870951477275805E-5
1,0,72,-0.051009187504518105
1,0,73,0.4272838836470404
1,0,74,0.1490178858072107
1,0,75,-0.7428589808853647
1,0,76,0.4397166802568687
1,0,77,0.6798702533143373
1,0,78,0.03549114852551535
1,0,79,-0.34018305820638756
1,0,80,-0.34671634984056476
1,0,81,-0.0201945059622952
1,0,82,-0.601736896850057
1,0,83,0.04952103014488683
1,0,84,-0.0669708350037855
1,0,85,-0.031317007407150224
1,0,86,-0.7627926285060999
1,0,87,0.03239224890331182
1,0,88,0.3879701836550213
1,0,89,-0.6834075839321706
1,0,90,-0.9318795230101231
1,0,91,-0.5612530646661444
1,0,92,-0.0014478724603580186
1,0,93,-0.029732613364489364
1,0,94,0.7890561253864321
1,0,95,0.36325883475572013
1,0,96,-0.6082850986163684
1,0,97,-0.027190038253155063
1,0,98,0.015085267804441221
1,0,99,-0.44870978346468926
1,0,100,0.4226609750761149
1,0,101,-0.41132909474440665
1,0,102,-0.1426640329730459
1,0,103,-0.7719932109409625
1,0,104,0.4258482371009845
1,0,105,-0.0544604695200422
1,0,106,-0.2999978138715793
1,0,107,-0.4519413405637953
1,0,108,-0.5891455172842286
1,0,109,-0.6516980542241906
1,0,110,-0.0551758356153337
1,0,111,0.0597236142790928
1,0,112,0.059115836220912016
1,0,113,0.42786110283446255
1,0,114,0.0597962627091997
1,0,115,0.6362572600039376
1,0,116,-0.6200294128628528
1,0,117,-0.2918813014035134
1,0,118,-0.4215702068038411
1,0,119,-0.7918807665648153
1,0,120,0.601832449086835
1,0,121,0.016340473018779472
1,0,122,-1.2376645962840755
1,0,123,-0.1559346141933076
1,0,124,0.10309567518300242
1,0,125,-0.5145327633834743
1,0,126,-0.058662873094889136
1,0,127,-0.027883020275260312
1,0,128,-0.4946513433790613
1,0,129,0.574320352494294
1,0,130,0.008117658566621874
1,0,131,0.12286518309630003
1,0,132,0.7879169699152565
1,0,133,-0.04622991054190856
1,0,134,0.48029632619864343
1,0,135,0.32900727740990976
1,0,136,-0.1341688486224365
1,0,137,0.15129497100905423
1,0,138,-0.020724560302854054
1,0,139,-0.006273213268478872
1,0,140,0.6418425399992002
1,0,141,0.4276554081934018
1,0,142,0.38855735927969204
1,0,143,0.5353376455560306
1,0,144,-0.5782502016322005
1,0,145,0.5709078511248784
1,0,146,0.002804370009936223
1,0,147,-0.450886247273204
1,0,148,0.05831562940882223
1,0,149,0.48472271005935175
1,0,150,-1.025210628889998
